LANTITUDE=12.969419
LONGITUDE=80.192912
API_KEY="AlzaSyn8Qn7zw41ftsAO5Fi6DIzeo8ObRNson9C"
